9.98804e-06 1.27374e-08
2.99647e-05 3.43921e-07
4.99413e-05 1.59224e-06
6.99179e-05 4.36911e-06
8.98945e-05 9.28596e-06
0.000109871 1.69542e-05
0.000129848 2.79853e-05
0.000149824 4.29906e-05
0.000169801 6.25816e-05
0.000189778 8.73698e-05
0.000209754 0.000117966
0.000229731 0.000154983
0.000249707 0.000462564
0.000269684 0.000789468
0.000289661 0.00108139
0.000309637 0.00138018
0.000329614 0.00240985
0.000349591 0.00238415
0.000369567 0.00282536
0.000389544 0.00331639
0.00040952 0.00385046
0.000429497 0.00442077
0.000449474 0.00502053
0.00046945 0.00815377
0.000489427 0.0103436
0.000509403 0.0124534
0.00052938 0.0146931
0.000549357 0.0181237
0.000569333 0.0216089
0.00058931 0.0253336
0.000609287 0.0291719
0.000629263 0.0331154
0.00064924 0.0592174
0.000669216 0.0563522
0.000689193 0.0587324
0.00070917 0.0619863
0.000729146 0.0657785
0.000749123 0.0700057
0.000769099 0.0744589
0.000789076 0.0790242
0.000809053 0.0928243
0.000829029 0.104484
0.000849006 0.109163
0.000868983 0.114209
0.000888959 0.119781
0.000908936 0.121918
0.000928912 0.13131
0.000948889 0.152883
0.000968866 0.172117
0.000988842 0.191225
0.00100882 0.174282
0.0010288 0.181409
0.00104877 0.190303
0.00106875 0.194718
0.00108873 0.199392
0.0011087 0.204779
0.00112868 0.213648
0.00114866 0.218532
0.00116863 0.217745
0.00118861 0.21388
0.00120858 0.21551
0.00122856 0.227056
0.00124854 0.222308
0.00126851 0.221308
0.00128849 0.222446
0.00130847 0.224552
0.00132844 0.227516
0.00134842 0.229131
0.0013684 0.232777
0.00138837 0.236328
0.00140835 0.239202
0.00142833 0.240816
0.0014483 0.244499
0.00146828 0.248602
0.00148826 0.255191
0.00150823 0.259657
0.00152821 0.264151
0.00154819 0.270575
0.00156816 0.277267
0.00158814 0.295658
0.00160812 0.317007
0.00162809 0.33775
0.00164807 0.381701
0.00166805 0.495103
0.00168802 0.478797
0.001708 0.461204
0.00172798 0.437133
0.00174795 0.41943
0.00176793 0.403636
0.00178791 0.386958
0.00180788 0.372906
0.00182786 0.357045
0.00184784 0.340633
0.00186781 0.327698
0.00188779 0.319574
0.00190777 0.313108
0.00192774 0.294421
0.00194772 0.277651
0.0019677 0.231707
0.00198767 0.201
0.00200765 0.180706
0.00202763 0.166283
0.0020476 0.157675
0.00206758 0.14534
0.00208756 0.137132
0.00210753 0.124878
0.00212751 0.11702
0.00214749 0.104782
0.00216746 0.0945052
0.00218744 0.0571298
0.00220742 0.0382577
0.00222739 0.0401742
0.00224737 0.0542407
0.00226735 0.0718481
0.00228732 0.0917215
0.0023073 0.109274
0.00232728 0.11909
0.00234725 0.13012
0.00236723 0.141229
0.00238721 0.153442
0.00240718 0.166955
0.00242716 0.189321
0.00244714 0.243024
0.00246711 0.244404
0.00248709 0.237359
0.00250706 0.200991
0.00252704 0.121634
0.00254702 0.0859078
0.00256699 0.0546614
0.00258697 0.0270886
0.00260695 0.000112783
0.00262692 0.0
0.0026469 0.0
0.00266688 0.0
0.00268685 0.0
0.00270683 0.0
0.00272681 0.0
0.00274678 0.0
0.00276676 0.0
0.00278674 0.0
0.00280671 0.0
0.00282669 0.0
0.00284667 0.0
0.00286664 0.0
0.00288662 0.0
0.0029066 0.0
0.00292657 0.0
0.00294655 0.0
0.00296653 0.0
0.0029865 0.0
0.00300648 0.0
0.00302646 0.0
0.00304643 0.0
0.00306641 0.0
0.00308639 0.0
0.00310636 0.0
0.00312634 0.0
0.00314632 0.0
0.00316629 0.0
0.00318627 0.0
0.00320625 0.0
0.00322622 0.0
0.0032462 0.0
0.00326618 0.0
0.00328615 0.0
0.00330613 0.0
0.00332611 0.0
0.00334608 0.0
0.00336606 0.0
0.00338604 0.0
0.00340601 0.0
0.00342599 0.0
0.00344597 0.0
0.00346594 0.0151133
0.00348592 0.0434432
0.0035059 0.0756057
0.00352587 0.091499
0.00354585 0.10754
0.00356583 0.123726
0.0035858 0.140056
0.00360578 0.156567
0.00362576 0.173753
0.00364573 0.191842
0.00366571 0.210918
0.00368569 0.230792
0.00370566 0.251608
0.00372564 0.262467
0.00374562 0.258781
0.00376559 0.26966
0.00378557 0.283069
0.00380554 0.297662
0.00382552 0.312064
0.0038455 0.326967
0.00386547 0.344664
0.00388545 0.36509
0.00390543 0.386697
0.0039254 0.419501
0.00394538 0.462088
0.00396536 0.510481
0.00398533 0.558701
0.00400531 0.607917
0.00402529 0.654159
0.00404526 0.699654
0.00406524 0.748282
0.00408522 0.804547
0.00410519 0.868033
0.00412517 0.926853
0.00414515 0.988993
0.00416512 1.03665
0.0041851 1.09121
0.00420508 1.12181
0.00422505 1.12532
0.00424503 1.11949
0.00426501 1.10743
0.00428498 1.09079
0.00430496 1.06583
0.00432494 1.02546
0.00434491 0.967488
0.00436489 0.951107
0.00438487 0.943205
0.00440484 0.938016
0.00442482 0.934979
0.0044448 0.9338
0.00446477 0.934592
0.00448475 0.937069
0.00450473 0.941128
0.0045247 0.948524
0.00454468 0.952035
0.00456466 0.956452
0.00458463 0.968275
0.00460461 0.982214
0.00462459 0.997448
0.00464456 1.01388
0.00466454 1.0315
0.00468452 1.05051
0.00470449 1.07107
0.00472447 1.09432
0.00474445 1.1267
0.00476442 1.16987
0.0047844 1.20593
0.00480438 1.25059
0.00482435 1.31141
0.00484433 1.37871
0.00486431 1.45766
0.00488428 1.58013
0.00490426 2.03055
0.00492424 2.41459
0.00494421 2.25604
0.00496419 2.2066
0.00498417 2.21022
0.00500414 2.20025
0.00502412 2.22061
0.0050441 2.21004
0.00506407 2.17383
0.00508405 2.11077
0.00510402 2.08109
0.005124 2.06056
0.00514398 2.05058
0.00516395 2.04202
0.00518393 2.09027
0.00520391 1.99456
0.00522388 1.97159
0.00524386 1.94862
0.00526384 1.95585
0.00528381 1.95899
0.00530379 1.92686
0.00532377 1.85034
0.00534374 1.77685
0.00536372 1.69191
0.0053837 1.6032
0.00540367 1.51947
0.00542365 1.47404
0.00544363 1.48342
0.0054636 1.48121
0.00548358 1.48469
0.00550356 1.4731
0.00552353 1.45714
0.00554351 1.45619
0.00556349 1.4603
0.00558346 1.4691
0.00560344 1.50663
0.00562342 1.58737
0.00564339 1.67666
0.00566337 1.72977
0.00568335 1.73798
0.00570332 1.71893
0.0057233 1.67337
0.00574328 1.62212
0.00576325 1.56429
0.00578323 1.52061
0.00580321 1.45677
0.00582318 1.40237
0.00584316 1.35308
0.00586314 1.30985
0.00588311 1.27038
0.00590309 1.23622
0.00592307 1.20154
0.00594304 1.16924
0.00596302 1.13831
0.005983 1.1085
0.00600297 1.07992
0.00602295 1.05418
0.00604293 1.03048
0.0060629 1.0095
0.00608288 0.990857
0.00610286 0.961156
0.00612283 0.931565
0.00614281 0.906406
0.00616279 0.885648
0.00618276 0.863814
0.00620274 0.845566
0.00622272 0.828323
0.00624269 0.809457
0.00626267 0.790052
0.00628265 0.772112
0.00630262 0.759393
0.0063226 0.74607
0.00634258 0.733668
0.00636255 0.720778
0.00638253 0.694892
0.00640251 0.670574
0.00642248 0.648131
0.00644246 0.631803
0.00646243 0.620742
0.00648241 0.617163
0.00650239 0.617323
0.00652236 0.627371
0.00654234 0.62645
0.00656232 0.6261
0.00658229 0.628471
0.00660227 0.633985
0.00662225 0.641287
0.00664222 0.660948
0.0066622 0.667927
0.00668218 0.673091
0.00670215 0.677087
0.00672213 0.684036
0.00674211 0.690715
0.00676208 0.701382
0.00678206 0.719521
0.00680204 0.74218
0.00682201 0.769038
0.00684199 0.775691
0.00686197 0.763693
0.00688194 0.754854
0.00690192 0.744326
0.0069219 0.732927
0.00694187 0.722774
0.00696185 0.710544
0.00698183 0.688095
0.0070018 0.664999
0.00702178 0.681189
0.00704176 0.684149
0.00706173 0.70137
0.00708171 0.711712
0.00710169 0.736038
0.00712166 0.757098
0.00714164 0.754521
0.00716162 0.770513
0.00718159 0.822492
0.00720157 0.905219
0.00722155 0.983943
0.00724152 1.06201
0.0072615 1.15116
0.00728148 1.20185
0.00730145 1.17381
0.00732143 1.13245
0.00734141 1.07724
0.00736138 1.03239
0.00738136 0.953657
0.00740134 0.936959
0.00742131 0.9723
0.00744129 0.899382
0.00746127 0.853995
0.00748124 0.799037
0.00750122 0.730499
0.0075212 0.716087
0.00754117 0.74993
0.00756115 0.826184
0.00758113 0.836213
0.0076011 0.814845
0.00762108 0.812789
0.00764106 0.847611
0.00766103 0.894596
0.00768101 0.936235
0.00770099 0.973501
0.00772096 1.01069
0.00774094 1.05673
0.00776091 1.09234
0.00778089 1.13056
0.00780087 1.14056
0.00782084 1.09835
0.00784082 1.0281
0.0078608 0.976719
0.00788077 0.939782
0.00790075 0.893371
0.00792073 0.861506
0.0079407 0.830869
0.00796068 0.805457
0.00798066 0.70994
0.00800063 0.688256
0.00802061 0.682368
0.00804059 0.683749
0.00806056 0.691479
0.00808054 0.701794
0.00810052 0.707921
0.00812049 0.724724
0.00814047 0.742843
0.00816045 0.765696
0.00818042 0.795005
0.0082004 0.821178
0.00822038 0.840013
0.00824035 0.856225
0.00826033 0.828937
0.00828031 0.752535
0.00830028 0.714752
0.00832026 0.712707
0.00834024 0.737617
0.00836021 0.732928
0.00838019 0.680577
0.00840017 0.588108
0.00842014 0.544077
0.00844012 0.51043
0.0084601 0.495229
0.00848007 0.486716
0.00850005 0.493105
0.00852003 0.520256
0.00854 0.522693
0.00855998 0.538672
0.00857996 0.558643
0.00859993 0.582748
0.00861991 0.600769
0.00863989 0.655704
0.00865986 0.775282
0.00867984 0.770695
0.00869982 0.759552
0.00871979 0.758747
0.00873977 0.78916
0.00875975 0.84902
0.00877972 0.870602
0.0087997 0.884643
0.00881968 0.933086
0.00883965 0.948797
0.00885963 0.959126
0.00887961 1.03627
0.00889958 1.02897
0.00891956 0.996062
0.00893954 0.952681
0.00895951 0.937973
0.00897949 0.932836
0.00899947 0.965545
0.00901944 0.923578
0.00903942 0.9162
0.00905939 0.919377
0.00907937 0.928743
0.00909935 0.849664
0.00911932 0.823889
0.0091393 0.809948
0.00915928 0.796797
0.00917925 0.813524
0.00919923 0.861377
0.00921921 1.09667
0.00923918 0.88132
0.00925916 0.711022
0.00927914 0.558927
0.00929911 0.482488
0.00931909 0.432925
0.00933907 0.400324
0.00935904 0.38138
0.00937902 0.381565
0.009399 0.372715
0.00941897 0.346426
0.00943895 0.324186
0.00945893 0.302532
0.0094789 0.28362
0.00949888 0.271535
0.00951886 0.263534
0.00953883 0.258507
0.00955881 0.256558
0.00957879 0.260021
0.00959876 0.254899
0.00961874 0.242181
0.00963872 0.240255
0.00965869 0.24059
0.00967867 0.244282
0.00969865 0.251191
0.00971862 0.269232
0.0097386 0.259046
0.00975858 0.251417
0.00977855 0.251114
0.00979853 0.251205
0.00981851 0.252561
0.00983848 0.255057
0.00985846 0.254467
0.00987844 0.256084
0.00989841 0.257725
0.00991839 0.258179
0.00993837 0.257186
0.00995834 0.259578
0.00997832 0.263281
0.0099983 0.27054
0.0100183 0.279396
0.0100382 0.293997
0.0100582 0.312236
0.0100782 0.333718
0.0100982 0.355132
0.0101182 0.38784
0.0101381 0.414331
0.0101581 0.455932
0.0101781 0.502231
0.0101981 0.530776
0.010218 0.568662
0.010238 0.605337
0.010258 0.646172
0.010278 0.761895
0.0102979 0.836818
0.0103179 0.957151
0.0103379 1.13383
0.0103579 1.10963
0.0103779 1.04787
0.0103978 1.05125
0.0104178 1.09309
0.0104378 1.08767
0.0104578 0.973791
0.0104777 0.97251
0.0104977 1.0623
0.0105177 1.3335
0.0105377 1.56518
0.0105576 1.83897
0.0105776 1.5559
0.0105976 1.27748
0.0106176 1.09882
0.0106375 0.988678
0.0106575 0.925596
0.0106775 0.863895
0.0106975 0.885797
0.0107175 0.928866
0.0107374 0.989752
0.0107574 0.581808
0.0107774 0.368155
0.0107974 0.431139
0.0108173 0.4033
0.0108373 0.364638
0.0108573 0.407744
0.0108773 0.488659
0.0108972 0.502793
0.0109172 0.622086
0.0109372 0.654936
0.0109572 0.664266
0.0109771 0.638581
0.0109971 0.625072
0.0110171 0.639126
0.0110371 0.637002
0.0110571 0.609924
0.011077 0.61588
0.011097 0.62971
0.011117 0.63498
0.011137 0.641552
0.0111569 0.658379
0.0111769 0.644976
0.0111969 0.652393
0.0112169 0.649189
0.0112368 0.653769
0.0112568 0.666878
0.0112768 0.674301
0.0112968 0.688465
0.0113168 0.706269
0.0113367 0.731077
0.0113567 0.744366
0.0113767 0.747716
0.0113967 0.765941
0.0114166 0.792318
0.0114366 0.832285
0.0114566 0.865652
0.0114766 0.918152
0.0114965 1.02151
0.0115165 1.02324
0.0115365 1.00579
0.0115565 1.01853
0.0115764 1.06087
0.0115964 1.16984
0.0116164 1.22294
0.0116364 1.30491
0.0116564 1.40071
0.0116763 1.34942
0.0116963 1.12248
0.0117163 1.03965
0.0117363 1.12711
0.0117562 1.24644
0.0117762 1.48767
0.0117962 1.54226
0.0118162 1.56488
0.0118361 1.70103
0.0118561 1.80588
0.0118761 1.62126
0.0118961 1.46399
0.0119161 1.36309
0.011936 1.26578
0.011956 1.1974
0.011976 1.09459
0.011996 0.996779
0.0120159 0.980287
0.0120359 1.05455
0.0120559 1.15884
0.0120759 1.15621
0.0120958 1.0874
0.0121158 1.15327
0.0121358 1.235
0.0121558 1.17914
0.0121757 1.20195
0.0121957 1.20722
0.0122157 1.151
0.0122357 1.12694
0.0122557 1.25221
0.0122756 1.39959
0.0122956 1.49655
0.0123156 1.34851
0.0123356 1.27843
0.0123555 1.26256
0.0123755 1.27952
0.0123955 1.32215
0.0124155 1.25816
0.0124354 1.31454
0.0124554 1.52935
0.0124754 1.67042
0.0124954 1.63901
0.0125153 1.50789
0.0125353 1.27371
0.0125553 1.1659
0.0125753 1.02524
0.0125953 1.23173
0.0126152 0.758052
0.0126352 0.797881
0.0126552 0.80086
0.0126752 0.714944
0.0126951 0.729731
0.0127151 0.900338
0.0127351 1.06463
0.0127551 1.07712
0.012775 0.935168
0.012795 0.872736
0.012815 0.855851
0.012835 0.903019
0.012855 0.981945
0.0128749 1.7279
0.0128949 1.41133
0.0129149 1.64217
0.0129349 1.58519
0.0129548 1.65344
0.0129748 1.83333
0.0129948 1.8555
0.0130148 1.87878
0.0130347 2.04179
0.0130547 2.18553
0.0130747 2.20247
0.0130947 2.28238
0.0131146 2.07269
0.0131346 1.60187
0.0131546 1.2536
0.0131746 1.34083
0.0131946 1.43433
0.0132145 1.57292
0.0132345 1.67401
0.0132545 1.80725
0.0132745 1.61274
0.0132944 1.37863
0.0133144 1.25742
0.0133344 1.32997
0.0133544 1.45598
0.0133743 1.47458
0.0133943 1.28296
0.0134143 1.02428
0.0134343 0.920459
0.0134543 0.915268
0.0134742 0.923746
0.0134942 0.938661
0.0135142 0.937401
0.0135342 0.912263
0.0135541 0.880092
0.0135741 0.822278
0.0135941 0.80868
0.0136141 0.777348
0.013634 0.749529
0.013654 0.714454
0.013674 0.675554
0.013694 0.64422
0.0137139 0.614522
0.0137339 0.583037
0.0137539 0.555929
0.0137739 0.5592
0.0137939 0.657105
0.0138138 0.736057
0.0138338 0.77167
0.0138538 0.777259
0.0138738 0.78263
0.0138937 0.836051
0.0139137 0.75746
0.0139337 0.727937
0.0139537 0.671427
0.0139736 0.61843
0.0139936 0.569006
0.0140136 0.525882
0.0140336 0.488435
0.0140535 0.455431
0.0140735 0.429705
0.0140935 0.406714
0.0141135 0.383847
0.0141335 0.3479
0.0141534 0.312453
0.0141734 0.290842
0.0141934 0.273517
0.0142134 0.261705
0.0142333 0.252681
0.0142533 0.244516
0.0142733 0.240162
0.0142933 0.235614
0.0143132 0.229825
0.0143332 0.225694
0.0143532 0.219156
0.0143732 0.21616
0.0143932 0.216021
0.0144131 0.216654
0.0144331 0.212488
0.0144531 0.21528
0.0144731 0.231635
0.014493 0.220331
0.014513 0.225524
0.014533 0.232885
0.014553 0.246707
0.0145729 0.252204
0.0145929 0.253116
0.0146129 0.263126
0.0146329 0.281624
0.0146528 0.358063
0.0146728 0.410638
0.0146928 0.461694
0.0147128 0.471261
0.0147328 0.459539
0.0147527 0.444371
0.0147727 0.425395
0.0147927 0.44404
0.0148127 0.452355
0.0148326 0.493723
0.0148526 0.33487
0.0148726 0.385655
0.0148926 0.451303
0.0149125 0.463533
0.0149325 0.465539
0.0149525 0.455831
0.0149725 0.441421
0.0149924 0.439541
0.0150124 0.458287
0.0150324 0.473722
0.0150524 0.490855
0.0150724 0.526262
0.0150923 0.576493
0.0151123 0.618777
0.0151323 0.779158
0.0151523 1.01596
0.0151722 0.977946
0.0151922 0.901253
0.0152122 0.89081
0.0152322 0.911243
0.0152521 0.88583
0.0152721 0.629655
0.0152921 0.567272
0.0153121 0.535058
0.0153321 0.50369
0.015352 0.494084
0.015372 0.504404
0.015392 0.505918
0.015412 0.516885
0.0154319 0.513598
0.0154519 0.591108
0.0154719 0.692074
0.0154919 1.0379
0.0155118 0.640131
0.0155318 0.623434
0.0155518 0.501273
0.0155718 0.494795
0.0155917 0.511035
0.0156117 0.564991
0.0156317 0.457955
0.0156517 0.24878
0.0156717 0.279615
0.0156916 0.237051
0.0157116 0.221367
0.0157316 0.220128
0.0157516 0.237257
0.0157715 0.250767
0.0157915 0.273098
0.0158115 0.256676
0.0158315 0.251578
0.0158514 0.253215
0.0158714 0.246376
0.0158914 0.253019
0.0159114 0.328141
0.0159314 0.27034
0.0159513 0.203506
0.0159713 0.181109
0.0159913 0.162153
0.0160113 0.153762
0.0160312 0.143367
0.0160512 0.137015
0.0160712 0.126838
0.0160912 0.113985
0.0161111 0.100919
0.0161311 0.0900726
0.0161511 0.0804879
0.0161711 0.0745395
0.016191 0.0677614
0.016211 0.0606285
0.016231 0.0543996
0.016251 0.0472657
0.016271 0.03687
0.0162909 0.0266392
0.0163109 0.0167827
0.0163309 0.00935671
0.0163509 0.0103255
0.0163708 0.0119597
0.0163908 0.0147163
0.0164108 0.0185836
0.0164308 0.0256566
0.0164507 0.034915
0.0164707 0.0458554
0.0164907 0.061243
0.0165107 0.0733073
0.0165306 0.088227
0.0165506 0.101018
0.0165706 0.111182
0.0165906 0.120255
0.0166106 0.129129
0.0166305 0.136259
0.0166505 0.144086
0.0166705 0.152878
0.0166905 0.164651
0.0167104 0.177837
0.0167304 0.195561
0.0167504 0.219651
0.0167704 0.24476
0.0167903 0.257783
0.0168103 0.277157
0.0168303 0.265458
0.0168503 0.239177
0.0168703 0.220062
0.0168902 0.187783
0.0169102 0.156115
0.0169302 0.138417
0.0169502 0.126657
0.0169701 0.117325
0.0169901 0.109418
0.0170101 0.102207
0.0170301 0.094891
0.01705 0.0881765
0.01707 0.0823143
0.01709 0.0765219
0.01711 0.0713367
0.0171299 0.0669235
0.0171499 0.0630177
0.0171699 0.0582137
0.0171899 0.0530313
0.0172099 0.0485056
0.0172298 0.0444233
0.0172498 0.0407217
0.0172698 0.0336146
0.0172898 0.0326537
0.0173097 0.0800898
0.0173297 0.0664749
0.0173497 0.0789043
0.0173697 0.0933705
0.0173896 0.108799
0.0174096 0.123375
0.0174296 0.152206
0.0174496 0.152282
0.0174695 0.150721
0.0174895 0.146199
0.0175095 0.13848
0.0175295 0.133109
0.0175495 0.128315
0.0175694 0.121341
0.0175894 0.117848
0.0176094 0.114135
0.0176294 0.111036
0.0176493 0.108226
0.0176693 0.105913
0.0176893 0.104789
0.0177093 0.102292
0.0177292 0.0998702
0.0177492 0.0969857
0.0177692 0.0928124
0.0177892 0.0858072
0.0178092 0.0786799
0.0178291 0.0725619
0.0178491 0.0680737
0.0178691 0.0645815
0.0178891 0.0615323
0.017909 0.0587104
0.017929 0.0565602
0.017949 0.0547379
0.017969 0.0530462
0.0179889 0.051519
0.0180089 0.0500824
0.0180289 0.048778
0.0180489 0.0475723
0.0180688 0.046536
0.0180888 0.0457585
0.0181088 0.045047
0.0181288 0.0444015
0.0181488 0.0438168
0.0181687 0.0432803
0.0181887 0.0428628
0.0182087 0.0425491
0.0182287 0.0422564
0.0182486 0.0419884
0.0182686 0.0417409
0.0182886 0.0415535
0.0183086 0.041434
0.0183285 0.0413926
0.0183485 0.0413727
0.0183685 0.0413602
0.0183885 0.0413555
0.0184085 0.0413606
0.0184284 0.0413956
0.0184484 0.0413952
0.0184684 0.0415963
0.0184884 0.0417976
0.0185083 0.0419973
0.0185283 0.0421944
0.0185483 0.0423825
0.0185683 0.0425885
0.0185882 0.0428405
0.0186082 0.043114
0.0186282 0.043352
0.0186482 0.0435779
0.0186681 0.043801
0.0186881 0.0440079
0.0187081 0.0442026
0.0187281 0.044397
0.0187481 0.0446723
0.018768 0.0450499
0.018788 0.0453975
0.018808 0.045721
0.018828 0.0460587
0.0188479 0.0463519
0.0188679 0.0466356
0.0188879 0.0467167
0.0189079 0.0469188
0.0189278 0.0471357
0.0189478 0.0473348
0.0189678 0.0474993
0.0189878 0.0476224
0.0190077 0.0477678
0.0190277 0.0479138
0.0190477 0.04828
0.0190677 0.0485848
0.0190877 0.0488336
0.0191076 0.0491191
0.0191276 0.0490012
0.0191476 0.0487975
0.0191676 0.0486642
0.0191875 0.048669
0.0192075 0.0486829
0.0192275 0.0486653
0.0192475 0.0486155
0.0192674 0.0484462
0.0192874 0.0483793
0.0193074 0.0486745
0.0193274 0.0487965
0.0193474 0.0487756
0.0193673 0.0480455
0.0193873 0.0473576
0.0194073 0.0467684
0.0194273 0.0463412
0.0194472 0.0461672
0.0194672 0.0458987
0.0194872 0.0455181
0.0195072 0.045133
0.0195271 0.0450411
0.0195471 0.0448317
0.0195671 0.043591
0.0195871 0.0422388
0.019607 0.0408884
0.019627 0.0397437
0.019647 0.0393711
0.019667 0.0390008
0.019687 0.0383146
0.0197069 0.0377441
0.0197269 0.0357297
0.0197469 0.0334629
0.0197669 0.0312505
0.0197868 0.0292653
0.0198068 0.0283731
0.0198268 0.0288371
0.0198468 0.0245838
0.0198667 0.0202166
0.0198867 0.0165887
0.0199067 0.0207717
0.0199267 0.00443999
0.0199467 0.000501785
0.0199666 0.0
